5000
912 1719
500 2571
760 921
288 1737
4076 3551
2984 72
4292 3813
2910 3398
410 739
3254 3971
2721 4384
2877 2699
379 664
2097 4539
2949 4618
3273 2585
1434 1547
4092 583
2571 4858
3668 4875
3308 1988
602 877
1232 3574
158 1389
3591 4726
3691 3728
997 1378
3449 2619
4216 3373
3034 1087
3530 1050
1158 2530
1722 1523
995 496
2326 2046
686 4644
1384 2956
627 896
4552 3809
689 2028
2967 736
1162 497
3032 2701
2490 3513
4217 2618
4646 1542
4609 3785
4212 2286
895 2644
788 3363
526 1565
4598 2852
3028 507
163 1260
814 4089
4992 4472
1640 2074
3252 2574
2543 3098
4074 3120
284 1636
1782 369
3598 1438
4360 1594
2925 902
4999 1814
500 816
1387 1348
1685 1958
2570 2928
3896 850
3830 3055
2606 949
2989 867
808 1887
77 2542
4503 3626
4526 2389
611 4058
4520 1693
1416 1659
717 932
3802 3245
190 26
1265 3293
102 2383
1968 2275
3193 3054
772 1111
2109 1822
1515 1248
589 2944
4869 4462
2056 3626
418 1541
1034 433
4464 4902
4576 909
551 3076
2701 368
2638 2865
2286 3293
3806 2349
4182 487
3555 711
2843 1916
2946 2954
2273 4393
3190 1345
298 4249
632 3147
1205 101
575 1694
240 379
2877 4585
3849 150
429 4097
3755 2154
3266 4484
2374 3437
4364 3862
2029 3578
3309 4014
2031 2228
1574 4031
2393 2585
2069 2119
1409 4063
1687 2777
4865 384
534 4532
4581 4050
2621 307
1262 2623
225 2370
2381 4358
4761 1117
333 230
3439 2892
2886 4279
1490 2593
4781 2244
431 3019
3853 2350
4937 781
2943 2849
2660 2395
427 1657
3139 1414
1941 4243
4208 4785
246 1920
347 314
3740 3062
211 4257
1988 3519
4855 1254
3965 939
3544 3044
3529 1282
1620 643
2941 1355
2621 1498
4424 3383
2182 2666
2369 2612
1322 2040
4829 927
2242 4335
669 1294
3571 1173
2977 1419
4271 1990
4577 3815
254 4769
2234 3862
1522 3075
3462 2700
4134 3021
2764 3807
834 1303
3809 2940
4580 417
4516 2045
4410 690
4094 4449
4068 998
2034 407
4969 3900
3777 2255
1475 4803
2375 4002
3666 4210
2343 3546
553 704
2876 4231
4291 3338
1889 102
223 670
2863 4128
3822 2440
4253 4724
57 1889
3226 557
2046 434
404 4901
1319 2550
4836 3790
2387 2267
2986 4887
3669 4130
1456 1854
3064 3428
2352 3757
4664 1094
4187 4313
4908 1250
360 2193
2517 3696
1460 3361
1444 768
3357 1362
4800 2494
4466 2982
4945 4601
1040 4807
1243 2990
915 108
4173 925
2568 1884
278 2840
2751 4717
3993 210
3402 741
3397 3188
3946 4249
4842 4980
1843 2643
4135 4976
3912 2502
4301 3210
1117 503
2050 4018
3601 3857
2355 4234
240 3265
2471 3523
3834 1862
8 4521
3665 1624
3383 4158
2389 2771
4695 1233
2572 3703
912 4166
3379 4905
2219 1543
2319 379
1093 560
3148 3580
333 2044
4463 2889
4693 3132
4757 1685
3688 3709
349 1869
3349 4844
4453 207
4235 1894
2223 35
1697 4784
1421 2286
2112 3685
85 4498
3329 4680
4785 3092
3104 3661
4883 4312
2753 763
1955 1753
338 1544
3586 2137
1468 2227
3506 271
4750 550
742 2806
3980 4303
55 2690
4555 2717
1291 4809
338 2002
2145 3639
2153 2804
4756 318
3326 2939
1759 1533
4056 4775
1558 1307
2748 4870
300 2626
2304 3183
589 1628
467 4786
3822 2952
2662 4891
2975 2954
1148 2227
4862 1207
748 1459
4846 302
1389 2913
2209 3613
4065 3386
335 4336
2527 3397
1054 4389
641 2714
3099 656
83 3077
226 2493
4883 297
4826 630
4780 2684
2895 714
1579 1033
3874 2601
1 3663
307 3789
165 4961
1679 4164
3689 1517
613 3823
246 4122
2181 2312
4582 1792
2210 2155
1945 764
4882 4915
2878 2656
141 3120
4864 29
743 1529
3942 3707
4382 1650
3212 4401
1663 3427
3551 3236
556 2737
2949 3910
993 4499
4214 3255
1965 1493
375 313
418 1329
1120 3605
394 2328
3962 3443
3626 3734
3610 523
963 2762
4500 3185
1831 4957
2269 3784
3859 2582
1252 2126
3943 1006
2694 1011
3168 1670
1816 75
3773 1366
2304 3865
826 3624
597 3960
68 4596
906 774
1934 2808
859 1415
927 3347
4409 2165
688 2364
3999 255
4297 3988
2509 2981
4088 4070
1401 1151
20 3945
1365 4032
2823 118
414 2460
4072 860
168 2054
87 4220
1884 2646
1056 1235
4225 4707
2832 2120
549 1909
121 418
1256 1346
339 4179
2933 482
810 2453
2108 2647
1008 4269
3318 507
1711 3961
365 4118
1528 1998
2912 4986
4701 1275
553 3714
3596 4364
4116 851
1124 1323
4803 3140
602 3590
2628 4096
1221 1916
3891 3940
3046 3009
596 3943
3342 4824
60 2101
4247 2131
1235 4998
1776 1238
4317 4244
4308 58
4025 1876
2363 4134
2633 3646
4800 1895
4688 4456
3874 4526
3152 4268
4807 4296
3641 4514
239 2647
876 2089
3567 2914
3483 2534
4342 4153
3375 1514
2057 2621
4746 584
3318 67
550 3748
3741 1242
4293 3742
692 1530
2976 4989
1647 2650
870 2376
3811 4517
1589 3285
3325 619
3789 1446
3126 3827
2778 3078
534 3346
3872 4892
3086 2832
4838 4917
2086 4012
4099 1481
3323 535
1131 224
4655 1795
4345 325
1592 1717
4150 682
1530 974
98 3476
1026 4075
1738 1718
1920 893
3484 4223
1790 1514
328 3165
3292 1599
3569 662
3348 2285
3288 2875
2716 2069
3775 37
4752 4764
424 1204
905 2465
3749 1145
4243 4665
2864 3978
1960 3608
1807 794
4441 4644
3880 2244
2194 868
3756 3751
3855 479
1706 2183
580 4718
4213 1260
1463 434
3158 3835
1767 2086
3559 1944
4740 1250
3410 2294
789 1618
1982 754
1319 4412
2662 2459
1129 2590
803 9
3754 2804
608 276
1130 4435
1718 3808
1995 4720
3534 3959
2891 1659
4099 107
4262 930
3749 2007
315 4722
2410 4215
2778 409
3568 875
934 2429
3925 2177
4953 2802
1498 3058
3039 4767
833 149
2755 3931
1768 977
4111 3871
2174 4367
122 346
2028 735
4684 3938
1813 198
3427 2715
4588 4860
3762 2610
1441 4584
3014 2850
1960 3836
2188 3480
2501 1357
892 2051
4970 3776
2066 1376
2115 3239
3833 2462
1465 1591
4963 4887
4365 4824
1757 3361
2245 2904
1395 4497
3287 3565
15 234
2769 4534
3222 2943
3433 4425
845 1888
3476 3626
1608 664
3925 2609
3806 1499
3132 4073
1241 4586
1697 3013
1078 141
3317 722
4316 1964
3279 4885
3434 4651
3476 330
2547 3369
2511 4997
3634 3228
3331 3392
2112 1311
2842 3339
4798 3705
4525 1709
2016 4122
986 3638
2752 1103
4308 3727
2980 1752
2536 529
1856 4315
3851 4917
4627 2335
4719 1838
2216 4844
2608 2225
1125 3467
3105 3496
1991 4583
1828 3052
1998 4475
2546 3068
2243 3084
3084 32
2969 1062
4266 1152
3618 772
2321 2813
2891 2955
1676 1832
693 2241
780 3422
1769 4349
3159 4492
593 4863
483 3905
62 2363
2313 4340
1472 471
983 2648
4041 935
625 71
1068 651
2259 1874
2409 4086
4607 2896
164 3358
3111 4043
4506 3161
1337 3186
3902 4575
1276 3983
3560 1305
792 118
2271 3231
2097 1806
2174 463
792 2058
4273 1957
18 3371
4875 4507
3004 470
775 2719
410 4981
4034 1331
4749 3664
1600 4871
2712 14
3888 167
3589 895
4093 1672
4090 4844
95 4564
3030 3520
2627 4004
4245 3869
80 2402
4258 3090
2740 3643
4139 1988
443 1677
3463 1569
4409 1866
2371 2377
4659 1154
4253 4220
3366 4138
3167 4673
3195 1036
1901 2
3052 761
1814 3318
856 3484
3300 1327
733 2847
4237 4246
1188 4155
2640 2358
2131 1489
4242 4746
4337 117
556 28
1454 4123
3233 4646
2133 4015
3675 4011
2639 3208
697 4186
1484 4356
513 133
1075 1450
1751 1105
3606 908
1527 3318
857 4946
3939 2195
3077 4849
4665 3619
1 4395
2185 537
30 1566
2590 1985
3548 4291
4910 1717
1387 2210
2532 1702
2226 4680
1022 466
841 270
30 578
1405 2923
1698 3930
4935 1898
950 4147
3072 1221
2837 3881
1301 1999
1431 1397
2430 2469
2534 2521
2196 1263
1369 414
4274 4314
4278 4913
1757 396
4823 1473
2954 4236
1256 3014
2302 3735
4486 3426
4956 3698
2065 3330
3422 1467
167 3012
3232 3135
3088 2012
1144 703
4817 4161
2265 1954
1232 184
2882 568
4712 3760
4820 4191
77 4559
3384 4426
1000 1307
3420 4289
4442 4476
2540 3159
948 4130
4278 3780
4955 3704
4529 2923
3336 254
1069 2291
3364 3474
4675 3584
2113 3631
1540 3921
4236 2296
3985 4648
3174 3861
1799 3083
646 3359
1423 4016
668 1597
954 4134
4689 3005
3431 4362
428 1409
1228 2741
3648 4096
588 3464
441 1969
3400 625
900 955
790 1304
4779 4410
2423 2284
1323 1098
4340 2630
3343 4060
2114 4158
911 748
3081 2562
2422 1111
2625 2977
3353 4818
3174 4111
785 3819
4006 1805
319 72
1675 4915
3760 4321
1252 3997
1805 3425
4802 4940
459 4621
795 1946
1076 976
827 2821
4062 746
1114 1174
222 1785
4939 2818
3033 1175
1437 738
1507 2085
1580 1714
1778 3783
2134 786
1845 4716
1053 493
2919 258
1266 3025
2510 1569
3729 4109
4282 3598
4429 2813
2518 3759
3409 2306
3064 3693
372 3610
3387 544
3390 2325
1460 2241
2969 4416
3495 2006
4718 4866
4208 2834
3711 3607
2310 1508
370 2533
987 4197
4386 4889
265 4650
681 4537
1080 4562
3915 4567
4293 2129
577 4245
1363 2180
4300 4932
2645 4268
387 4443
105 3516
883 1904
3922 200
616 1293
4205 3761
2511 3944
498 3879
3771 4192
4836 4687
1988 1465
3844 3163
3553 3426
609 1314
463 4765
996 4709
2580 3036
981 2914
2744 519
2924 110
4406 1742
4523 1629
3500 2104
2746 562
653 179
1299 2263
4941 1201
3247 1670
4965 2689
251 2242
3329 4150
3989 543
1267 942
1003 3723
600 3753
1321 731
1171 4090
3379 4390
1539 4228
303 1507
2813 2636
197 2190
1582 3789
864 4221
2621 63
439 3377
4100 2180
418 4517
2455 4111
298 1258
4311 2562
3549 780
2490 2705
1364 2088
3341 3554
4787 2734
617 1936
3558 1614
2293 16
812 4085
2587 4702
3410 675
167 1110
335 4930
855 4142
3814 4106
1166 1263
2675 4107
3268 1439
3697 2926
1315 4329
3740 3510
67 4380
1825 3356
2776 2403
1763 531
3583 4458
3522 3639
2043 3744
3936 2450
4151 4165
355 3840
27 3655
4907 254
4857 3498
2321 3675
3970 451
4733 1119
294 250
822 2718
2061 44
4290 3398
4681 3819
3909 4997
4944 1370
4051 27
242 4112
988 4438
1500 2316
1156 2882
2685 4359
2449 311
3999 463
947 4307
2908 4679
3602 1648
4320 594
1252 2939
4429 2499
4379 2433
4295 1371
658 2920
3920 1393
4351 2085
4770 4881
2902 1973
2990 4766
2087 3838
4201 2707
918 3984
2155 4112
498 4788
3678 4330
1278 4897
1051 4929
4401 3781
317 4821
545 4796
21 1545
4645 3375
2103 459
3935 2892
1837 513
1187 511
3454 2017
4983 3900
143 232
657 3316
4310 384
3504 783
4475 3671
2441 2822
2171 4160
1918 1924
606 3450
2269 1811
2688 3984
1750 1091
1371 2356
4278 700
251 3293
4135 2376
3659 3251
4444 3487
535 3913
3717 1721
3222 866
1944 1318
3534 894
3654 79
3587 4182
3739 3562
15 2944
2609 2958
236 3087
1117 4281
3955 1274
943 3699
3380 3209
1926 3366
1269 2961
3184 3290
2429 2881
3303 2023
4007 2842
3333 1310
459 4327
923 2470
3796 1957
3160 4213
4590 488
2175 322
173 222
203 2993
3285 3332
1536 2134
1116 4577
4286 4822
4226 2062
1313 3527
3040 811
1946 4036
3004 2191
3520 3782
1420 4519
1 1690
3752 772
4472 2080
279 4553
887 2339
4217 3189
83 4318
408 872
477 780
1178 1512
845 293
3803 3635
1593 2621
148 2487
438 1365
3980 1128
4564 1967
4664 3363
4182 2807
4598 3605
4070 654
437 2810
4385 2290
1980 102
2727 2503
4239 1429
1070 2340
2805 2897
1030 4965
331 171
2333 3817
2907 2166
436 2586
1263 3760
2695 2681
645 4374
1742 509
65 3035
1119 194
4698 2434
4937 3650
729 4178
2798 782
1641 2804
2779 3293
2324 2939
1275 3447
2986 2420
1719 1309
3300 4285
46 3906
798 1864
3305 2817
1623 1813
385 3514
3498 4332
3742 4349
4086 4222
628 747
3412 1984
2102 2010
956 2486
2511 2591
2477 1447
730 3528
2277 1779
484 505
66 2478
3615 2838
8 2116
3635 3718
799 2307
3360 3556
979 1013
2066 2064
2957 46
2301 1470
612 2859
1017 4015
4773 3389
4405 375
2747 4702
2993 1034
4265 1793
3923 4091
3024 3352
1814 4891
4083 123
4969 3134
261 3238
4329 1245
2191 3889
607 652
4080 705
3694 1880
497 3349
1020 3639
289 1704
2139 3463
1090 4698
3419 3793
2131 4573
2724 3499
1220 1299
3770 2038
2205 3373
524 1761
852 70
4146 3317
4124 489
4927 681
472 4047
2483 2397
3008 402
3536 2022
4870 4756
3516 4487
1672 4824
4070 1354
2005 1123
523 4104
3951 2989
1038 2609
1473 4144
3142 662
1627 3678
1799 2559
3537 1454
4839 3833
1064 1512
4819 3178
683 4924
2348 139
770 3173
383 835
218 3404
629 2757
33 1015
1304 1251
4695 826
2834 2334
2036 1595
3453 2131
2443 2052
521 1005
2580 3110
3177 3680
69 4056
3402 884
2430 1476
4793 2812
1480 3632
3236 2563
2940 284
4540 3897
1065 1510
3613 4469
3219 2321
3987 1297
789 4201
2231 4407
3663 4496
2604 1033
1122 2485
2468 1308
1992 43
3448 4682
4475 2497
1817 1397
1218 2107
3831 3076
446 4821
3258 2797
4459 4157
3084 2408
157 1024
1100 4073
1469 4933
2678 2439
2687 1295
971 2494
1655 3027
105 37
1890 4440
461 11
510 1905
4793 2483
2362 2894
4854 2378
3519 2677
894 1058
2391 3204
506 2427
2680 3773
844 1866
3994 3557
2501 4344
2919 66
4579 2214
1138 1985
4105 2549
3014 617
1227 2285
4114 1581
140 1361
4301 3875
1344 4844
1483 1084
2712 807
3662 3716
3018 4572
2885 2564
2457 3690
3102 3947
3215 2788
4041 4476
2267 4167
3884 2696
3917 4635
4608 804
2353 3746
1202 3786
1880 4792
4656 672
2655 1757
2486 1350
86 3223
3621 4251
3838 4778
3916 4115
1385 3403
3991 1553
1689 3710
1231 3732
716 677
4752 3890
500 3368
4038 2084
283 3744
411 2655
3817 753
3892 2054
345 3868
2852 2615
274 4512
2615 2024
4211 2123
144 2018
1077 2309
1942 1042
423 3781
1421 169
1818 1577
709 4174
2386 325
1845 587
2804 2453
3659 3823
2335 2828
3611 1494
316 1844
3384 2390
3553 3520
590 891
2899 1508
3800 2623
1260 83
2584 3156
2548 3020
2521 54
1910 4688
682 3878
1799 3511
880 3743
3670 2690
878 1134
1983 2505
1843 4467
338 75
1037 1112
1248 3338
1573 2035
4276 867
913 4052
3029 1774
4024 4328
3614 938
2014 4666
3989 3911
2599 4326
2741 2189
2619 2287
1727 2875
3243 1418
4462 4102
3733 4260
1396 3839
3315 2070
4046 2435
77 2496
4725 1528
558 963
3462 3112
4433 4252
4594 316
1924 3386
3512 2647
3407 3417
2975 2270
1927 3150
2316 2154
1241 813
4715 2725
3701 1320
2610 4553
2038 2098
38 4069
1611 94
2006 1402
2698 2933
240 2363
2121 3060
3619 3043
2520 4359
3292 4304
4004 955
3842 1095
2935 974
3454 3334
1594 4747
657 523
106 541
4181 2812
3380 376
3321 204
3793 3695
1764 1703
2958 2053
3750 3250
3406 4996
4593 3625
1552 675
112 1959
2258 3171
1755 3286
2229 487
4814 4219
1125 313
465 1497
3894 158
2769 2359
1010 4612
661 4434
4082 4555
3116 1483
3445 938
2680 304
3446 2508
3128 4992
4647 4468
4072 1238
4360 3385
25 56
59 3628
2680 2756
2211 3233
2538 4597
905 1463
2883 2852
237 4630
4490 2569
3482 769
59 3712
1221 2746
3787 104
808 2921
3961 4054
354 2017
4489 3982
453 1529
1396 1105
666 4420
4296 309
3733 4558
605 2816
2235 999
478 234
2617 1770
296 1951
3569 4906
1824 3319
4387 3249
90 3566
1153 2511
903 1919
4431 1479
444 154
1817 2824
1392 3719
2267 910
2470 4730
1712 4299
1694 2729
629 2766
4737 2878
1665 1366
4185 3005
2998 3266
145 4506
3609 3230
4413 1386
1707 4256
3877 2444
3423 621
4156 3429
2572 3505
174 3554
4039 3259
4708 3081
4179 3452
1524 4682
4368 2049
1246 4392
1231 4840
1995 1860
4476 267
3720 108
2454 4949
2008 4922
2036 4683
634 2318
4584 1469
1754 457
1865 802
1249 2815
3813 2646
2768 4855
2067 282
4159 3518
1234 3027
1642 2467
456 4483
2825 4282
814 3413
4912 2452
1637 2445
130 3730
2970 2122
3357 1094
4252 1399
897 3857
2127 2272
4732 4312
4070 3373
402 1288
4553 3931
1767 1550
624 1326
2399 1668
1587 3582
2251 3040
1310 4577
757 1387
891 3489
3205 4961
4272 200
2175 655
3915 2521
2786 1110
3854 2366
1904 3816
429 1017
4525 759
380 3330
4604 3271
537 3633
3353 2422
3234 2303
2190 4562
2419 3150
4776 3975
608 2300
4963 732
1041 3414
3743 1715
3335 3832
4512 4594
2974 3119
4223 197
1263 2621
4402 1612
2975 4830
4852 4184
502 18
1154 776
203 1325
1743 631
3497 15
1621 2867
3468 1129
1830 3046
3180 272
1115 4164
1826 1757
84 2355
2039 2192
4331 241
2207 4694
2669 3467
3071 83
3845 3304
2851 2997
445 3181
2583 2979
3180 4538
4873 1328
24 4896
4588 3332
4003 2573
4986 312
1581 2586
1952 3391
823 377
1114 3016
4428 1403
4704 1612
4547 170
2932 2672
3334 22
631 1969
3306 2938
3830 2246
3413 3129
408 3992
4527 3623
2869 191
340 4607
2441 3217
2032 2478
853 4708
3335 396
412 1029
1246 4199
4867 4996
86 1315
164 2365
2460 1047
4459 4895
4783 3067
623 678
4137 2521
3068 809
2840 612
1136 473
138 3576
627 4701
4514 3488
66 434
2780 2964
2593 156
828 2156
2159 2257
475 4476
4362 2571
1633 3345
1959 57
3234 4561
3718 2950
2786 2827
4750 952
1564 3235
4020 4515
2690 2046
3870 1132
1410 1153
687 1822
2916 25
775 4572
2146 1703
745 4837
1699 623
3695 4680
2959 3225
1606 880
3637 1950
1709 84
927 2515
3093 4837
560 296
1305 1495
4848 564
4272 2453
2321 1622
2521 852
3107 450
3330 143
3816 90
2172 2184
4651 4392
2478 1800
806 770
4587 1873
3318 3203
4164 2324
3293 3015
2905 787
4633 1037
576 3148
3182 2298
1389 529
2371 287
950 1966
336 2055
3389 3517
3210 3581
2606 695
4876 3336
132 900
4582 3741
4015 1697
4089 2255
280 3402
4211 4994
4425 81
4483 265
1720 1275
3017 3844
2416 439
1353 1771
2205 1020
4911 4041
2463 882
906 4590
2562 2584
2701 2853
618 4624
4942 1338
4759 292
1132 1881
262 1429
484 2804
3822 2036
3574 2387
97 4286
1310 263
2477 511
3818 1939
520 916
1036 3829
4959 4958
848 2894
3306 2398
1963 3006
1017 3856
4840 2089
690 4812
3729 334
4698 2880
2484 2475
4156 2358
3273 3753
3002 3539
3573 1783
3079 2404
1817 1382
1432 979
468 4576
4560 3510
1311 1893
2205 1548
1016 1436
4180 2769
3934 3655
3344 441
366 3349
3717 3834
1690 702
3109 3278
1520 1491
3158 207
3502 4017
3130 463
3847 2404
3673 2811
1144 188
1928 4370
2314 3477
4708 1949
3467 3656
2098 213
1666 2830
3282 4670
488 3435
812 4678
3773 1476
2457 4491
1652 2131
3487 4826
2551 642
4546 2680
4635 3661
1 3564
1283 3343
4478 4407
2077 2451
2200 4098
3695 3108
1603 2698
2196 1027
151 3131
4984 1182
2061 2745
2082 527
1193 2915
962 50
1140 1602
4729 1076
4345 641
3091 781
544 2909
20 975
4861 3808
771 1854
4389 114
3945 703
2148 3722
1691 4857
2078 3074
638 2833
644 848
965 2091
844 2819
3096 269
2131 4605
1671 2900
3259 3963
292 184
3815 2652
307 778
3284 4037
2093 4005
835 569
1457 3621
1523 1256
3604 1634
4662 3184
4411 956
1260 3131
4406 2225
2522 1344
2519 1108
2633 767
2656 1566
3435 3340
1340 1377
3373 240
3109 4396
4674 4625
1315 1877
3879 4418
4874 3952
1799 1412
3189 508
1160 2344
665 4277
364 2347
1188 2350
1518 2655
1161 4174
1269 131
45 4088
4267 974
1153 3966
4150 620
3594 3810
4591 343
4478 360
2810 3275
581 4198
2131 3375
1447 404
2667 2182
3524 3517
2824 2801
2754 1286
4323 2644
1858 3885
398 4831
3831 2648
202 2545
4739 3718
4196 3329
1356 3525
1076 2948
1937 2705
46 2525
1764 3
3954 4685
877 2438
256 1398
3891 1651
4599 2159
2709 2631
1967 1028
3925 3620
2711 1203
2530 2274
3607 2852
4121 3631
1067 1312
3638 2021
1736 3109
1947 3530
2862 1209
4900 162
1362 1187
2278 4331
3686 3898
2201 3299
464 1339
4708 4556
3037 1627
2592 1750
85 2414
740 1584
1017 128
820 2096
3298 343
4143 4515
3002 2130
4248 120
1933 2155
4260 1547
4542 654
3521 4157
4317 2030
1164 4362
3312 710
1973 1810
4984 4919
2766 152
3626 3059
1411 4400
1376 880
756 2278
4394 115
2366 1139
4723 819
1451 55
3451 448
91 557
3843 2835
306 277
2631 3214
3195 729
1036 3787
2208 1469
586 1559
1871 819
1458 3768
2955 125
3457 600
3431 4989
1270 2618
4741 469
4315 4134
784 518
4843 932
568 3327
3876 2543
490 39
2867 4074
3296 2751
1479 1766
4494 3051
4064 697
47 1247
4896 735
554 3788
3986 1595
229 2458
4653 698
3605 4071
2773 3111
1465 3317
3152 827
546 4219
3628 2017
1325 3674
1509 1532
31 4893
3124 3953
807 1408
1342 1197
3457 3262
1335 4697
4890 1978
2856 3716
127 4631
3115 1833
3681 356
1784 735
1829 870
93 1732
3932 4649
501 2367
345 2118
3320 3367
1239 4127
3855 667
2541 178
4084 1541
3863 1200
1891 3934
3925 530
2504 1370
308 3155
3918 2277
1505 358
4181 4641
645 4058
2575 671
538 804
3921 2401
1568 1071
2671 3231
3825 1991
4669 3889
1315 1517
565 4895
310 2108
2647 3031
1582 2708
4149 4173
1805 1315
1358 3246
1169 4233
4619 3891
2315 2170
4212 260
2022 4609
463 2346
1401 262
2253 2626
4451 310
4043 3141
2949 4468
1074 2261
1771 4232
532 1150
4270 2342
2859 656
698 4713
1515 2105
3665 2616
2397 176
3824 3284
222 976
52 4505
2341 4545
817 769
105 292
2052 1629
2664 4350
928 1278
1407 4070
2876 2341
1661 177
1391 3695
4494 2780
4492 4203
4966 1664
372 3297
3823 2070
1197 732
2286 1953
4808 3872
886 3536
1909 1240
1918 1708
852 3610
3346 2442
1403 2949
4990 710
4324 363
3509 2695
149 2266
3111 3351
1169 740
3438 1148
3179 1409
4175 4503
4350 4615
3475 3491
4848 3281
4319 990
4278 2506
2667 2962
4898 4670
1736 1762
998 3270
1543 1861
327 2204
3939 4002
2884 4753
2571 2824
2953 4480
2913 3493
38 1279
2597 504
91 1797
3378 2090
2886 1714
1363 1149
1606 49
3301 3095
3294 1770
4960 4657
2162 2967
1310 2920
4767 3291
3519 2385
547 4114
3412 1376
3767 3287
2120 592
3876 2268
3669 1450
764 4052
2248 2046
1308 3212
4850 3892
1986 231
2512 3275
1698 435
2021 1824
244 1712
1892 3599
4144 3855
2354 36
1653 3130
1000 1141
109 4944
3266 1462
4950 1976
871 2019
3936 1775
2911 1017
2855 2647
4817 4070
1492 2642
4617 1460
1827 4894
4818 1772
4991 4422
1876 4915
240 2355
4981 161
4986 497
4406 3472
3235 1350
2762 3405
1471 1812
388 2058
425 4081
4807 386
3715 2518
4421 4632
2428 2547
32 1287
1172 3061
3165 2639
162 4305
3396 1347
362 1888
2760 458
4754 3785
551 1640
841 1892
1259 4453
4795 4386
3204 815
221 4568
4671 204
3047 345
2268 2581
3991 2369
3459 3685
4228 503
3121 3043
3907 757
2994 2435
2136 4722
2187 418
3974 917
4956 2329
1263 4844
2774 2298
2049 3993
2056 1695
68 4101
1334 2664
1832 4387
3464 3647
3265 4660
3066 2240
4149 2249
1537 859
378 1697
2128 1209
1225 3403
2262 4022
1317 305
1799 1260
1864 3666
4275 1351
2020 2506
4589 2091
3048 2511
2478 4834
1533 1348
3170 1975
2869 2597
2675 4044
4441 226
4668 2032
3405 1887
3792 2008
1593 238
2216 192
905 1855
1753 1531
3774 1555
1366 3588
4482 1072
3972 314
2843 2691
4027 3422
1491 2295
2457 1853
3001 793
342 2934
80 2625
172 4744
2504 3924
4964 1261
3977 1261
3374 1474
17 3279
2985 2620
3404 1214
3917 3502
3248 1860
3864 1761
1107 3988
449 3294
4372 3707
4524 4280
1106 4176
920 3467
2136 1488
4941 696
4998 2992
4482 2271
2093 2857
3415 2412
4007 113
2426 2301
1134 2721
1404 2245
4801 2482
2629 4611
477 3138
2970 4339
4841 875
292 301
4454 2221
2682 528
198 4631
2821 53
4930 4119
3077 280
100 638
4544 4034
1550 1656
4193 2645
4061 1957
4674 1262
2523 728
1962 1160
1271 450
3098 691
1074 944
4294 3914
3149 2164
2720 3848
2960 46
3 2839
2971 3757
4633 2651
1996 2514
4577 1496
4134 990
4084 2132
3868 1470
23 2581
3032 3990
1979 83
3684 682
1400 228
1208 1642
3136 3268
2533 4493
6 3096
166 4957
2731 1519
4885 4949
2179 855
2037 4474
4690 1980
259 247
1740 3206
3882 2841
2339 210
2666 2851
3042 674
367 1428
1133 2975
3253 2317
749 1994
3828 4513
824 679
4095 1365
2160 99
264 4920
4190 725
1437 350
3964 1700
1587 4721
3746 4272
2803 3929
1841 3916
2210 871
3354 4696
4510 3180
3226 1934
3079 4899
3463 1946
4087 2110
2935 3200
4878 170
1384 247
3875 1066
834 831
1343 2885
2796 4805
4191 3519
4461 11
2964 1808
1117 2996
1595 1760
1872 4183
4079 274
1859 1548
150 110
2367 2529
2571 4622
644 2233
3887 4500
3945 3592
1096 2360
3307 4802
2917 4102
3537 4147
784 1487
405 4423
4807 3349
4620 4493
1111 4957
1911 4815
2345 292
2533 2116
760 3673
392 4731
3302 1296
3969 1442
4002 1644
2679 1374
4271 4519
196 3695
4677 480
1992 669
286 2914
3538 4330
838 3077
327 2063
3506 3460
2676 4762
3540 1874
4873 1839
2314 1102
727 3877
2987 951
2942 9
3471 193
181 3471
2014 341
2327 1289
4356 486
1475 1956
1492 918
4133 2613
1747 2430
466 296
734 2303
2880 1302
2572 3213
1649 1632
2083 768
3908 4045
2437 2534
988 4384
76 1538
477 1918
190 1364
1311 1099
2947 2485
2274 1048
4361 1346
1601 3791
3941 2939
1321 2006
888 2299
2534 2156
1414 4290
2007 1546
2447 2054
781 3550
4838 2427
2507 2055
4448 1277
176 2747
655 4342
3896 3823
3995 3772
2036 3136
1696 2511
134 4026
4000 3651
2895 1221
3284 610
3266 203
4023 1739
866 3247
3124 1676
4772 4070
3555 1939
3676 1420
3248 4489
2776 248
2735 517
1218 2329
3137 1551
4263 4062
3906 4204
3535 927
4172 2272
3937 458
1403 680
3230 4132
693 1081
3570 3252
3449 3362
1435 3982
3127 4338
1766 4656
4353 4454
3272 1473
1145 721
1114 3448
1375 4402
1630 2598
3432 2312
2596 800
3175 4783
703 3026
3950 4366
2758 3279
4554 3177
4251 794
453 4438
2557 1222
2929 3099
1511 4516
1073 3968
4893 3129
2384 1452
1596 709
184 4499
734 929
4978 1381
2693 156
1921 1622
803 3954
3705 3568
2498 2676
2971 416
1647 1404
1229 1709
3411 1224
1424 595
2013 2770
942 751
401 3064
1045 774
2416 652
4279 2327
1965 839
2979 2334
801 260
4382 1818
3778 1872
153 3535
2094 2524
1928 4811
752 3291
4510 1603
1680 555
839 3237
4844 2210
2798 1895
1821 3256
1986 2075
1701 3603
343 3433
3882 1815
2260 1258
4189 2471
2218 2726
1993 3570
3198 2143
4985 3109
1830 3947
3173 61
873 616
1093 3443
4832 4055
1077 966
3085 859
4009 2529
1534 4458
4137 4224
3501 2816
494 1923
3190 3579
1891 4215
3612 64
4701 240
4183 3253
2775 3393
542 3999
2336 4812
750 3998
2479 1160
621 412
2301 4936
3313 2874
44 3082
4549 4465
4579 4055
594 3444
3610 2207
330 2654
3064 1466
2510 4928
4250 3478
120 2447
3314 250
4737 2402
720 2674
3572 3294
3722 3360
1777 804
1632 3208
4311 762
2616 1289
1782 2965
2641 4536
624 4379
2391 1205
2487 1087
823 373
3715 460
4593 1471
4488 390
1453 4965
2917 4214
1180 3062
2703 4273
4031 2024
1776 4537
1021 2028
2322 2361
4526 3081
12 3687
4163 3281
3967 2880
2204 3689
430 567
3588 2431
2532 1352
1957 379
1911 1052
3999 4938
2365 4432
3681 4779
2046 240
3945 2216
3313 1020
2992 1374
1235 1780
2031 916
4806 4817
4417 649
2659 4789
1605 1399
561 3628
4115 4557
3996 2719
2808 825
31 2624
356 2005
4997 4375
2972 4597
706 4586
1598 371
847 4044
3337 1823
2738 2071
4762 3101
321 58
2940 206
2683 3019
4287 4615
1587 1142
665 3475
2089 3814
3905 1312
2643 4994
4331 2217
4019 4333
4409 3365
4302 4814
773 1070
4846 92
2203 968
3476 3547
1923 2936
4940 3911
73 921
4213 4143
842 4062
4574 3246
1970 4437
1405 1295
223 1379
2784 1043
1099 2489
1196 172
19 1520
1211 2709
3786 601
2904 773
3490 1110
1572 4692
4491 2791
3739 2270
1851 1893
4698 3910
4160 4904
3455 486
1195 4164
1141 294
3265 2142
1728 596
611 4720
3041 2489
172 1079
253 234
12 1253
4001 1285
2171 3431
3382 2254
4468 694
2565 1957
4867 276
1367 547
2229 2511
737 3458
2382 1726
2115 4001
605 4671
3725 2538
1448 1381
3713 2019
958 2749
1970 1607
4242 4197
3349 867
593 1732
4000 3642
4015 4184
1932 4772
1802 4270
746 2665
346 3708
924 2884
54 769
2009 4090
3224 4368
2637 4807
995 4255
3991 4376
1001 198
1347 1284
966 4374
3467 2241
2951 1638
266 2476
4202 1846
1571 4763
1445 3371
4463 352
1334 4977
3219 3106
445 4250
1890 3667
184 3607
4403 879
3595 2124
259 4309
4336 2016
4827 1678
129 4434
4468 1008
3539 468
4052 4144
2306 4012
1112 2550
3339 2168
4971 1163
4971 4385
2148 3227
228 2605
400 1697
1913 1211
1788 688
2687 3417
2684 1100
15 4161
1878 1230
1753 1276
1634 3691
1827 2813
3194 3957
3119 3508
455 135
2793 1206
4206 1531
2567 1151
4891 2939
790 1223
3578 1729
2200 4193
2690 4639
633 1327
2232 3608
2613 3296
838 3196
161 4014
1848 175
4704 4980
3976 2089
3941 3480
3324 2010
1377 1849
3526 2108
4029 3514
2149 490
4233 1281
4571 2963
999 3548
4057 951
1191 2795
4534 2241
4703 4809
3709 1551
1935 2156
3295 1280
3318 4621
2510 2607
987 3789
3657 2640
99 1293
3783 4600
3320 2779
1463 1117
2570 1984
1943 2241
4993 1759
3136 1153
3328 4264
2205 3541
2939 1022
2405 487
54 1541
2119 1253
1019 3018
4450 2150
4343 4894
186 1725
3528 351
3337 2239
4770 2555
4322 575
4235 3759
590 3761
3282 2212
1182 3224
3672 2540
2856 2432
426 1275
4988 2731
342 3657
2435 4926
838 477
3214 3698
2437 3154
2599 1194
4518 2844
730 4394
2492 4354
4442 3991
1122 619
1855 4230
2382 2983
4726 2037
2705 2805
3505 2171
537 3773
1787 3045
2992 3958
3125 726
4643 4660
4943 2410
3471 849
4663 4414
2 4841
4735 1802
974 687
3446 3175
4830 1324
353 3579
793 3474
2880 4663
2076 3134
1927 3038
74 1541
4113 1206
1162 4325
3858 1519
3882 3428
4918 3104
3677 676
1368 160
3476 3069
3741 3322
637 2446
1101 4794
973 1774
847 2482
1577 2230
2209 1332
1610 4625
483 4926
3582 2595
382 2472
4979 1575
1989 4986
2436 2054
3933 1051
3607 837
205 2635
3032 1675
4377 2262
1502 248
2456 1664
2293 1942
268 233
3903 1930
594 2034
89 406
4626 1522
2047 2760
4108 2858
1392 215
2910 512
2806 1926
1583 2871
4441 1645
2394 779
3812 984
3030 2553
300 1756
926 4238
2364 882
1621 2167
2516 308
2218 525
399 1791
1244 3542
1192 783
4240 4246
1471 2500
3849 2737
1900 4076
604 1914
1186 3583
1341 303
673 2845
2720 2833
548 3215
2060 3173
2015 4440
639 3937
802 717
3109 2516
1998 4063
1541 2479
1276 4680
1730 3249
2748 3038
2125 216
2653 3343
2124 2826
2659 3639
2481 4784
3032 139
1360 4974
1049 4683
2692 3545
1931 2113
1603 4856
2569 809
1957 4634
1998 4099
2120 1709
236 51
3066 4391
4474 2918
213 3009
1184 777
1394 1836
709 2051
395 889
2447 2606
3617 3130
4059 1398
3721 2514
2240 1580
3926 2556
2502 1997
1716 2729
2360 2076
4023 2706
1919 4174
54 4229
2848 1615
388 3065
2931 3599
3738 4457
1977 278
1438 4805
3116 1825
3218 4399
4121 1425
1373 1345
2668 4348
2860 1896
4872 2858
2313 2814
1501 1254
1419 4687
3530 998
264 2634
1168 3031
2697 2095
4411 1006
859 713
413 1798
2898 819
3471 1988
3651 573
4998 379
716 1225
1104 420
3375 1176
546 2668
3870 2870
650 4302
2253 4471
3823 2024
1690 3557
2326 2704
3199 4466
4190 998
2596 2903
2743 509
2503 4504
1008 804
3933 3452
111 299
1284 2685
2879 4155
13 1573
2406 2682
3821 3017
4077 3197
1727 3647
896 3394
945 1354
4413 843
4191 476
179 3511
1516 994
3797 2442
2269 2437
4198 1972
4610 4864
4909 2287
4842 3701
211 1553
2903 1337
4064 4416
709 208
1066 4333
2539 3706
723 2302
1730 3682
2765 348
3305 3455
4657 1217
1266 3088
1686 3048
3748 4889
1733 3084
4903 125
2885 2690
1555 2657
4931 1494
2987 194
4921 3687
2823 2003
4259 1226
3056 4690
3039 2799
3084 1286
2852 3615
1486 2924
2756 3764
3894 3883
2206 648
489 4675
2895 957
2733 1036
1649 405
1029 4585
630 2484
3411 1477
3439 4481
2572 2566
3030 3230
4768 583
1416 609
2198 2369
280 2209
1743 1625
2272 3284
1351 2110
4283 3890
5 1611
2056 1179
2357 2488
2474 3107
562 2906
1365 122
972 187
654 696
1045 2802
2345 2790
3901 4341
617 5000
279 3057
3867 998
4713 4323
1867 3407
1971 3827
1572 2972
1770 497
2677 1003
2311 3507
3471 2638
1300 3923
693 1452
1604 1504
1793 2003
2953 1586
4191 1788
385 4843
4937 2216
1836 3307
2804 265
4636 2604
3163 4124
4822 2211
4577 75
377 3850
3423 517
829 4151
4948 1020
312 3899
2992 4670
393 2936
3936 3390
3931 2804
1146 3979
2135 44
2400 4311
4892 94
2046 241
351 2018
3756 4967
2181 3978
2710 3406
2847 3494
2082 4990
3807 4319
4813 361
1435 1584
217 1463
3747 4300
3902 4603
3267 281
587 3632
224 3564
566 2831
718 281
4456 1958
2130 48
2452 3036
4636 4714
4869 3645
2210 83
791 1496
2023 4676
4254 3443
4051 1442
3216 4972
4421 180
2355 3467
1366 4962
487 337
2280 4539
3395 1929
297 899
2890 3868
3928 2632
2954 2718
1367 4170
2411 3283
1981 3991
395 1223
1071 1631
4595 4977
3319 100
2033 3488
1912 4189
273 1387
1829 1619
155 1383
2162 4289
4283 4176
4010 3605
3879 1768
4085 1061
4192 2179
2228 728
1032 3451
362 614
3114 2224
2412 3325
67 4284
4607 1795
73 909
846 2059
2351 3205
3540 1879
2197 3451
2711 4677
532 864
2174 1380
1104 4439
812 890
2767 4997
1809 4952
1791 1753
4776 202
4939 1622
3564 4080
4602 428
3563 332
4999 4452
2545 3755
1113 2516
457 1757
4561 2263
323 4623
4145 2223
4689 1140
2168 2958
2202 3192
3295 84
2445 1526
4013 3295
1128 3240
4422 3627
3870 2533
3277 3242
2736 911
374 2447
614 2338
1675 2184
3255 3616
3392 1059
2202 2123
349 2222
4914 2577
3821 4549
4298 2516
587 4816
4759 1306
3393 1553
123 2579
3589 1408
1301 61
663 946
3972 2380
1156 1691
192 2682
4239 3566
4098 3724
2575 1167
1 2174
2742 3310
2101 2701
3640 4819
3299 2448
943 1443
1822 796
97 3636
1291 4983
915 2050
1030 1082
1713 1397
1729 4973
199 119
3594 1956
2210 1988
2792 1014
1604 13
3920 1104
3467 1883
603 497
4553 2534
4033 1434
3362 2117
3658 2422
4554 1897
3149 2128
4457 3852
4922 1015
673 2193
4627 1541
648 3232
382 1203
3897 4710
4099 3431
4548 1126
3998 3245
2102 1861
684 2365
2254 372
1804 267
1016 2759
1139 1019
3286 2927
139 4049
3586 2769
3790 4108
7 2357
3010 3792
3199 389
4740 4611
4987 313
3581 985
4957 1146
2205 1834
3420 2438
2345 3534
1851 4397
961 2138
1882 3492
229 4920
2863 4488
1365 2030
3702 3483
1673 987
4908 148
3858 3239
1834 5000
2600 4245
3113 2415
2696 3597
1236 2500
4347 2235
379 4844
1085 4148
32 3081
555 2399
477 570
3466 978
2663 481
2722 2713
636 2839
3633 937
4256 2176
4998 2428
1622 2548
736 1758
3652 3053
4309 3176
4237 1876
4009 1905
3181 2409
4507 2716
3125 1137
10 3295
4584 253
3679 3302
2614 2310
1292 1212
1010 359
2544 1380
1683 1807
2576 2743
4967 2315
1281 3118
1834 4241
3463 1490
1545 3187
2826 4557
2997 4544
3992 2727
2342 3676
508 348
2995 3144
4796 4924
3826 3697
3100 2070
3847 588
4995 4528
1221 41
1482 3485
1506 890
1210 4037
3424 114
3799 2077
4274 3741
1239 131
4324 2321
615 1101
646 3525
4280 4933
3971 2526
2746 280
1663 3024
1523 4334
1827 432
1739 1260
566 1216
390 3520
1840 2420
3144 4976
1237 2789
292 2813
2418 1938
902 2073
2963 1324
3447 4358
3635 3985
1106 924
798 660
269 3166
1030 2532
2472 914
413 2101
4495 842
622 3645
1002 3736
3070 3225
2300 4738
3442 4617
1983 2781
1573 1143
1015 735
34 4296
2059 598
1875 1039
2174 1076
4070 1490
2517 2042
713 4037
536 1436
457 3228
2887 1078
3090 2996
3791 3491
4759 4727
4587 4112
552 442
2937 3825
2519 3764
1221 201
1981 1813
315 474
3328 1153
370 3646
4885 3952
1215 1716
4038 1755
2045 948
2945 426
1189 2431
3188 2629
2750 4837
2026 2803
3280 4522
1018 1701
3440 4363
2189 691
2978 1155
1903 4338
3238 2908
288 1683
3469 3531
4498 430
2040 1692
959 738
4079 446
3075 3370
1328 1797
1709 4888
2067 2893
3304 3421
4528 2776
4362 2401
4447 3203
2602 2854
1707 3280
3711 1272
4543 89
2782 4292
754 2765
23 1724
4603 4804
480 4344
1190 3737
2804 4531
3718 267
2763 1228
1360 2495
2129 4353
2528 3942
3042 4794
401 240
4943 4547
2661 209
4790 2474
2355 1276
2419 4127
122 4835
2535 2988
4880 3649
1009 2265
2941 2598
4502 4853
3279 4742
1850 2757
766 720
3904 559
1586 4259
396 2140
3294 540
2551 328
1803 146
2637 1902
3682 996
3741 2949
122 2210
4413 627
696 3779
2899 2811
2131 3412
1222 2001
3092 3415
2578 1490
2857 3515
4274 3276
962 3262
3185 4669
4532 2063
2991 2055
1263 582
4926 4859
2422 3265
1303 3221
474 4692
1806 415
4077 2168
3694 2800
1060 13
1038 3430
1681 1057
4165 4813
1127 2594
3229 3001
543 3981
221 3771
1885 2272
3532 3390
1744 2852
2801 4398
2100 4680
2876 3659
2238 144
2318 2164
2457 3191
1955 4877
4934 3880
4804 1064
4657 1740
2456 2641
3485 3031
2975 2168
1654 3963
684 2355
4916 1115
252 1781
87 3509
1147 1011
2728 4504
206 240
4853 4613
419 708
3820 212
1036 969
657 2377
4667 152
899 51
4008 1562
1833 2264
2836 2205
29 1297
4824 1256
777 3187
1386 3956
4226 1439
3250 2393
3593 2444
4649 1096
182 1159
1008 379
2739 500
4304 2491
931 1929
2556 3774
372 1381
2105 1486
878 3501
1119 3564
1380 3738
2443 2349
2593 2055
2611 3837
2046 3289
4693 3964
2531 4297
634 1898
4218 3110
4686 2449
2489 203
1598 1721
4971 3103
4685 3377
124 1311
4619 1388
3841 135
1844 4423
4042 3161
1152 4475
2276 60
4954 447
1516 1977
4989 4
4879 4007
1674 2774
1541 216
61 492
1710 2346
391 510
3692 4987
393 347
3617 863
1220 3356
1215 4511
2054 1857
2852 471
4617 3846
324 3033
1597 3735
1240 4198
1455 780
379 3081
1902 625
2620 4741
1372 3837
1881 4177
4789 4141
3300 2973
1320 4295
3531 1599
2728 3630
3805 2601
3477 3396
2207 4991
2322 2782
2323 3908
2439 3846
4028 1908
332 2523
1606 4833
4782 116
203 4825
3330 4408
2336 1062
2131 2210
4242 495
2793 2236
187 3101
1602 2281
2769 1395
3344 2524
466 257
4884 1224
832 4354
4825 4227
3563 53
618 460
2081 3959
182 835
4160 2577
3932 1779
2671 3468
2717 4053
1866 3796
1796 707
1157 153
4580 3348
4959 4637
2822 1297
2118 3261
4621 4430
3503 943
3065 2297
329 1054
4136 3850
1783 558
1723 1828
933 4823
1509 1521
1769 1745
576 130
134 3327
1490 1443
298 254
78 313
2167 865
1681 1637
3910 1684
1968 4563
4565 3987
941 3892
2457 4030
821 976
2324 2457
3644 3745
2561 3102
3585 4717
331 4518
1430 2722
599 4866
4191 1316
2406 992
4194 3782
636 4529
3799 3118
4731 1609
4354 44
3128 2984
235 2048
3032 514
2527 4724
2068 3731
3640 1433
1075 1823
4229 2025
3524 1390
4886 2817
1667 3166
3006 317
424 3478
4919 4527
548 4042
2348 1847
2467 2114
4186 2292
1276 1948
3654 2659
2914 2210
904 1234
3794 582
571 3924
1952 4183
771 4560
228 463
2168 400
3777 787
4810 3707
2308 4629
1374 462
1535 3511
856 1086
272 3220
2958 715
4951 2805
3063 2355
4493 4362
3765 3000
512 1745
3503 1746
2927 3623
3611 908
851 3930
1461 411
1579 93
159 4705
1939 1276
4901 3801
3590 4477
3565 1394
3186 4322
3721 4026
3553 862
28 2219
4480 1318
2505 883
4067 1816
4188 3402
2690 3094
438 2157
4346 4607
2809 518
493 2158
4815 1726
3007 137
3864 4828
1967 3174
3554 3711
4863 4307
2794 1252
1113 2373
4881 4798
904 1886
3230 1907
1630 3438
3527 1255
243 2749
1190 3919
5 230
415 4748
3573 2117
1808 3061
326 96
901 2930
4060 128
1035 4041
1689 1443
397 865
1259 440
1273 1799
549 1556
3700 2421
3063 2761
1190 3081
606 4448
3603 4039
1490 464
1657 361
4391 3399
3754 4530
2027 907
1123 776
1757 4144
3141 4934
3898 1390
2837 4596
846 2632
54 2789
2521 3894
2392 2220
809 4640
3881 4753
4799 3511
1172 1341
769 44
2168 3520
2996 2279
3860 4332
3580 3169
3306 2690
4383 4966
881 1682
1633 2650
3630 2236
3895 1563
1053 4303
4630 4205
1917 4868
1587 3058
2490 3914
1731 3401
4932 4460
1063 942
3331 4116
1048 2982
2489 4817
3450 485
1424 293
2512 2627
1375 3229
1110 4937
2252 4951
39 4905
1298 2989
1333 186
4577 4745
69 3772
1966 1288
4249 3372
381 2054
3629 1313
2246 4748
4485 371
6 3886
836 1260
2092 3432
2813 4081
2724 7
2343 1987
2694 4927
2332 1008
3137 516
4917 4614
2273 1735
2070 3458
1561 4945
2362 1525
1768 4453
3641 541
2134 2437
1385 800
2956 640
4152 919
3891 2471
4787 595
1368 1010
2256 1514
615 3574
1016 1256
959 4795
189 1813
1585 4755
2347 140
759 4449
2868 2340
888 3381
4719 889
231 116
2615 4062
2698 2700
3909 2197
1354 2649
358 4847
1270 1445
4653 552
3497 3354
4499 1121
637 1998
2658 1879
4412 4715
3815 4509
739 2289
2170 922
1314 2881
1994 2630
2266 1964
565 3854
1595 2820
659 3995
1656 4921
820 2628
3860 2491
252 3216
854 3244
1073 4760
3795 4902
3070 676
3378 1648
1505 647
1063 4499
162 83
633 142
4066 198
191 3089
1057 1625
4406 292
4844 77
3706 322
3274 3081
4162 975
391 1500
3817 2205
2783 3353
1357 485
706 901
1330 1212
2872 1590
3467 1098
117 1194
1498 2372
4599 1753
1814 2534
3838 1863
4210 275
1567 1558
3920 249
337 4541
893 4667
431 2797
4440 3870
1975 1903
2809 4860
172 4473
88 1841
3955 4697
642 1639
3929 3258
1575 401
1471 874
2813 2622
973 1525
2258 1119
3873 2074
1413 2635
2555 4113
3672 4632
3373 4419
3388 3520
1279 3585
991 3096
1870 1719
4168 3352
2533 3787
2186 4732
1848 2932
2386 1170
290 1524
627 1731
1086 3078
980 2488
1741 1643
1185 3804
2831 3788
3719 3796
2861 2168
6 1690
4225 3467
1063 2480
3168 3126
4019 2909
4923 872
3271 352
15 3843
4435 670
4381 1101
2579 3750
2541 235
3576 1736
2615 2705
3302 1282
928 2658
2221 4886
370 890
715 4743
1781 1690
3176 2292
4376 2907
447 1083
4265 4464
1487 1913
407 1626
4204 2829
3123 4237
2624 2451
3803 1961
1004 3538
4679 2844
2422 1290
3399 1091
443 4390
2558 884
952 4730
2448 4540
3469 3087
3769 3643
1063 927
2198 205
4262 2161
1377 1213
626 3095
671 4903
4757 3440
699 4404
3060 4103
533 1548
4035 4933
1496 587
1704 585
2702 976
2885 2150
4861 2161
267 3906
3904 2203
1149 3264
1268 2702
3135 4681
2171 796
3179 1411
311 2710
888 2700
811 2280
1204 1699
1118 4566
1974 2226
1914 3912
1478 3950
972 4366
1842 4771
3970 936
3456 4107
3416 898
4614 4070
2554 3494
3635 1922
1208 2146
2951 1083
3923 1557
1954 2210
2521 2244
4827 4676
4221 3768
3370 2864
26 4287
785 4763
1356 1990
2424 1072
115 3395
701 2298
874 2004
417 4142
4734 4105
525 1576
1872 195
282 1468
4536 4131
4998 2174
2999 3727
4485 2918
4970 22
2149 2041
2370 3142
1896 324
2534 84
3732 2599
4535 3434
3955 59
677 394
4691 50
1177 4657
4510 6
1786 3767
2563 1326
2571 3871
4202 2291
4709 1200
2784 4101
2738 2078
1471 3719
4616 3925
3988 1406
3122 1085
4699 4865
3575 2925
2515 3177
1167 4168
2278 344
1570 4825
1878 3489
2171 859
1587 220
829 3975
1373 1191
3486 3020
1899 4959
934 3421
2901 4152
1340 2331
88 4123
4099 2723
4629 4170
3300 5000
3467 3448
2599 4126
3593 4203
397 1616
1240 1842
1192 1012
2807 2000
2457 89
136 3433
3894 2173
4550 758
766 3303
2106 2153
2937 707
1561 3981
3364 4583
1165 143
2713 2030
1007 2700
3000 3244
1665 2968
2755 2787
1185 1349
1573 1877
3656 2286
4505 1925
2406 2283
4613 831
2464 1708
1799 1795
4907 1089
2323 4568
2215 132
4434 905
3836 1317
2942 4163
672 4868
1735 452
2763 2602
298 4499
640 622
4171 1355
604 256
4523 1023
1488 2772
4790 329
2824 857
3616 982
218 1839
1565 1158
4644 3277
4894 1734
203 1973
4070 2701
199 3561
1917 1765
2999 4706
56 2289
3859 4442
4083 744
4357 4550
2430 4990
35 1546
3968 1199
4749 4510
3218 2282
2079 2928
1728 1700
2601 3198
3105 1605
3604 2573
479 651
318 4470
3269 2854
1361 243
1646 487
1820 887
643 3310
4929 4461
995 4708
598 3841
825 2642
3969 4777
193 2560
1848 4915
3340 3193
3736 2259
3080 14
2401 4982
1484 1568
3049 1305
3375 2388
2690 2224
4355 4224
1660 4725
4923 3677
2337 3051
982 2029
3256 1193
3177 1503
3023 368
2199 2311
1369 1770
3810 3765
4581 1125
4947 3896
3683 2657
3686 364
2309 3797
2147 2112
4339 2075
4638 3985
2683 3688
457 4606
3745 4891
1614 1781
3544 4844
4569 4839
1618 520
64 2696
4672 860
1971 2893
748 1443
576 4995
4747 1499
3095 2692
2418 2264
4584 2777
178 1756
4352 207
3775 403
3074 3022
852 291
435 749
463 3577
4120 503
2662 1378
869 1441
2572 4644
925 2495
607 1616
4577 2603
4711 519
3887 572
2461 3812
3288 1900
2866 3652
101 4110
1340 40
2534 2866
953 1459
4091 481
4084 3988
1464 3859
2931 4847
1941 2122
2249 1950
3773 3879
2291 3173
3263 240
2879 940
4119 4017
319 350
4347 4950
2659 1127
3243 2962
2396 245
2083 3037
3479 4650
398 817
3460 1012
2209 2661
1098 3153
591 3884
3139 305
4834 4169
117 1819
1906 2424
2701 3884
2239 1526
2356 726
1738 3146
2361 165
779 1988
1678 4736
538 960
907 3279
1224 4922
292 229
4075 233
175 4551
270 3770
3345 2872
4022 2534
3240 2981
3542 1789
765 370
1906 2111
4187 2832
4758 1005
4148 3842
2205 1909
504 3167
2866 2871
2526 3801
4018 4711
2815 797
507 3660
1449 363
526 4029
3507 4918
658 3436
2425 3870
3751 1043
4782 373
967 1751
4171 4153
306 507
1147 660
3903 3636
3309 4045
1867 2414
3461 41
379 4136
1456 4897
1835 1753
1282 2197
3267 632
1084 501
214 587
1624 3022
1724 4700
4047 530
2587 4131
2744 2476
2898 3990
1528 2214
3035 840
940 3648
554 639
2795 2338
3467 4577
2561 1910
4791 1560
1026 1485
3542 1471
4129 2108
994 4641
1850 2041
4792 2614
4988 1044
3380 1858
3656 3607
1230 3408
389 3561
1967 3376
4509 2178
1757 3530
1821 2846
4570 2868
1285 3097
4133 2107
2905 663
4686 782
1976 4764
3254 1655
2871 1578
4125 1560
1592 4238
283 244
156 708
2887 4754
2804 683
2860 4351
4774 343
3724 4578
529 1109
2222 3595
4574 2681
4526 3495
4218 818
1671 516
2533 3007
2796 1668
302 1620
538 3938
4467 4140
3792 4306
291 4378
1997 989
3170 4310
3905 4388
758 4479
1987 2461
3113 2158
2320 3419
2714 1963
4341 3359
1025 2056
873 461
1552 572
4710 1457
4445 2089
628 229
3032 970
1251 1485
3628 3252
2670 4581
4854 3290
1264 4160
727 2849
3901 1590
4575 936
3928 1601
3743 1554
1711 1619
3481 75
2959 494
1786 4780
3227 4087
1677 3913
4845 3207
2993 3283
3424 1137
699 946
3465 4367
2915 1737
885 2913
2557 341
938 2258
4595 3034
2609 4566
245 3728
4592 145
4362 4040
1840 1865
1609 180
473 2330
4140 437
1046 154
3918 1600
3122 3591
984 1173
4278 979
3939 1474
4912 1130
3355 2701
886 3151
2792 3221
167 3211
805 2406
1338 1496
1902 4654
3769 4890
1131 3973
3011 4016
3906 3838
1305 2958
2686 1930
4844 2168
3520 96
3726 2053
2788 1418
2152 3926
1931 3029
2901 3054
2562 1427
2011 4577
2513 2068
2588 1984
3820 3300
3313 3640
4968 3508
2073 2233
2001 4624
268 465
4195 83
4427 2976
2368 3527
817 2247
755 4859
1039 2308
83 735
1257 159
3324 1202
1940 2305
1748 3333
1110 1005
65 1682
4959 3763
3584 971
4661 2060
3758 701
2922 718
4953 4672
4589 2080
105 2417
4380 1513
2432 3321
601 2725
3757 5000
2244 3828
2291 1344
2537 103
4694 1688
36 2093
3157 156
1669 694
4565 666
4209 2043
3868 2701
4399 930
3473 3211
146 4662
2100 3143
3601 103
2578 2785
4907 3653
455 3895
2511 4099
1749 2251
2144 1762
2473 4255
3869 3361
2845 4738
4933 4200
1353 4626
379 3068
4473 1354
4436 4775
3416 4937
4657 2949
2549 3089
1957 1104
1443 563
1277 3606
524 2707
1654 2520
2583 3747
1232 1247
3025 3385
3466 4267
2888 1213
4773 1658
2284 2699
2294 3269
1088 2066
4371 567
4839 4619
36 4261
3418 2813
109 649
4659 4446
1444 16
4973 2232
1509 2174
4444 818
1233 788
1004 3121
1693 2390
1135 1427
3719 3949
4728 4957
2374 2351
2413 4657
2991 4628
3953 2947
4751 2089
522 1271
3622 1970
625 861
2659 1613
2730 3699
3610 3052
4694 3552
3419 4364
2974 3642
3499 3800
1196 1065
4104 4925
4036 4048
1323 1585
3023 3998
359 4937
3683 1150
4548 779
4154 3015
3853 1349
3350 4120
21 321
4599 1219
1391 2220
4837 4078
2141 2769
227 751
4975 983
454 890
4511 964
2396 1589
3433 2298
4471 3602
3207 2898
4431 931
1031 1365
4433 1014
3543 1389
4797 2785
3318 3330
3323 275
578 4185
4975 2151
2160 3194
3264 2930
4563 1002
4357 4426
3095 2298
1024 1631
2739 3439
2385 421
647 3008
1427 76
1563 2281
1273 1428
719 3870
2231 4275
4642 2176
4082 4069
4872 1725
1749 599
4049 712
580 3202
4830 1940
3164 120
4733 1662
2171 4117
4777 2044
2852 4913
3103 1074
1292 4028
3766 3136
919 1214
3202 3571
585 365
1638 1294
967 1216
3927 980
1180 964
922 4100
254 1809
4508 159
3483 4955
1207 2359
2473 3311
4393 4673
2250 1001
1155 4734
3414 2359
1425 2611
4183 3164
858 1092
3624 1765
3109 2852
183 1136
733 3011
3441 4592
688 1617
2295 3873
2889 4417
1666 2560
4736 564
4003 1686
3067 2688
4666 4808
3556 3097
442 1330
3957 833
752 3637
2238 1820
4373 1837
3839 2379
4465 4479
744 1372
1794 2011
2039 106
2111 3140
2768 1478
491 2916
2686 965
452 3974
2589 1388
477 515
119 157
2163 4898
54 2466
1175 219
2511 1837
185 2379
47 2237
2674 4909
1183 2568
2291 126
2407 4483
4885 192
854 3145
2048 4033
4837 4937
2194 1119
4520 1978
2497 3893
1953 2732
407 66
1493 3068
882 1915
3949 3649
392 3996
2042 2701
659 4477
92 1023
3600 3279
4522 185
2015 295
2498 958
2199 1635
2213 4604
4209 1567
2375 400
2288 3882
339 3429
2096 409
4363 2983
1801 2156
1501 4054
4699 1497
3720 2026
4851 890
2359 583
4199 4828
2513 1080
2152 3804
1199 4601
2508 43
1243 3948
1705 298
985 2084
3635 2183
2307 181
289 2275
1052 2554
4578 1102
923 4222
4608 4623
2735 2047
2447 83
1690 3031
1882 369
159 1174
3796 879
4637 499
678 3725
4838 1422
1615 881
4703 4706
914 3045
4533 2431
4145 926
1090 4443
709 1440
4735 668
2088 1886
4931 1055
1680 573
3848 3845
819 1336
4070 4125
2151 939
4013 1559
721 491
1588 4267
2355 912
1183 147
2539 1996
4910 1226
3798 3731
357 2106
36 3050
1894 155
469 830
3103 4958
459 3201
4691 2592
3437 1803
3662 2201
2241 531
1327 2104
539 3495
4906 4878
4468 383
82 1252
1936 2988
4885 4024
2774 835
1773 4320
815 1692
3518 2307
709 359
42 1480
183 3927
553 306
1639 219
2099 1340
579 1469
3652 3527
2752 3055
3133 1403
2094 2337
4207 1235
525 2511
1263 1261
4475 4103
2265 3622
685 359
1044 2926
842 3865
2033 3145
2401 3533
2375 1274
2995 4383
763 4299
4118 2651
136 3866
1643 4607
3496 2753
171 2825
2552 292
2415 3314
635 879
2395 78
960 3117
1417 4106
237 3795
1790 1752
1955 574
467 2601
1787 1383
3470 462
4700 2800
1542 2742
824 353
3257 4741
2265 724
3960 2633
2380 4954
4109 4985
126 2873
4415 3454
1650 2213
3387 1170
813 3441
2378 3575
1055 917
3504 2537
1198 3146
1042 1908
3081 3257
1423 3409
448 3904
423 261
4059 1658
1181 241
3492 3826
1938 4558
2241 4619
4570 3192
3172 1926
2421 323
4372 4566
679 1358
2772 2848
4436 2012
1103 1184
4501 1742
1531 1046
1562 1982
1231 66
4899 2475
4242 1852
147 2090
4110 3151
436 522
2635 2072
2206 4714
1340 2621
2186 986
4460 1458
2269 52
3380 2593
1862 2921
4404 4371
2734 2740
2965 4502
4658 3659
1758 1511
1564 2468
4138 4525
3965 451
4445 285
1426 3241
320 4138
1710 111
4926 3660
3671 4600
3626 2511
4834 1661
4021 2991
4968 4348
849 1549
3859 4455
2770 4951
2413 3103
2282 3840
3559 989
1362 2922
3174 2169
4424 2230
2815 4063
4369 2453
1059 1097
1869 4370
3987 1391
650 3147
1610 3162
2900 723
3080 1333
1901 1097
2846 2862
4974 2781
4535 2814
1342 266
2423 2929
1138 1331
1095 4277
961 1697
2978 2297
19 2433
1948 2697
809 1359
1812 1980
3003 525
139 130
4801 1227
4288 4023
2071 3798
2215 4760
1315 3718
3127 4232
2934 3863
1008 36
4871 48
2492 3073
2205 1366
897 4316
1379 1796
4811 3408
2993 4091
470 502
422 2046
3162 3115
271 1198
1178 4935
1322 3521
571 427
355 4053
2567 1571
1092 4593
3948 4458
840 2328
947 4470
1082 3136
2509 4642
1018 2799
1775 2949
4528 4652
4458 2216
2330 4008
3136 1868
1635 2092
2966 1967
2192 1838
3260 2422
4457 2673
2715 225
929 2961
3668 3456
1426 4789
3546 1875
743 4446
